   9.1755626e-01   1.9679519e-02   1.0000000e+00
   7.9847642e-01   7.6009014e-01   2.0000000e+00
   8.0824939e-01   2.8277416e-01   1.0000000e+00
   5.0448554e-01   3.1467201e-01   3.0000000e+00
   3.6380494e-01   3.6184276e-01   1.0000000e+00
   4.3632536e-01   3.4621933e-01   3.0000000e+00
   7.9571994e-01   5.3044567e-01   1.0000000e+00
   5.6377487e-01   4.6850275e-01   1.0000000e+00
   1.2609633e-01   7.0746119e-01   2.0000000e+00
   5.8111562e-01   2.2653981e-01   3.0000000e+00
   8.7014484e-01   3.1357036e-01   1.0000000e+00
   9.1354684e-01   9.3970956e-01   2.0000000e+00
   7.5337042e-01   8.4096144e-01   2.0000000e+00
   4.0515211e-01   1.8698047e-01   1.0000000e+00
   9.2707863e-01   2.8187281e-01   1.0000000e+00
   6.1434371e-01   2.4651978e-01   3.0000000e+00
   4.2800581e-02   3.0095143e-02   1.0000000e+00
   5.0132812e-01   2.4171257e-01   3.0000000e+00
   2.7183882e-01   8.3054582e-01   2.0000000e+00
   3.9988974e-01   2.9484226e-01   3.0000000e+00
   5.6933794e-02   5.7641462e-01   2.0000000e+00
   8.5901869e-02   5.1922884e-01   2.0000000e+00
   1.0524733e-03   6.0976465e-01   2.0000000e+00
   5.4001904e-01   5.4151227e-01   2.0000000e+00
   1.2775021e-01   5.0741112e-01   2.0000000e+00
   9.0181928e-01   6.5307962e-01   2.0000000e+00
   5.3084749e-01   1.2769154e-02   1.0000000e+00
   8.8257405e-02   5.5082624e-01   2.0000000e+00
   6.2075878e-01   3.4241362e-01   3.0000000e+00
   5.1445898e-01   5.8087131e-03   1.0000000e+00
   6.4165790e-01   5.3920881e-01   2.0000000e+00
   2.1650880e-01   9.6499750e-01   2.0000000e+00
   5.7891044e-01   7.1472208e-01   2.0000000e+00
   7.8970581e-01   7.8387581e-01   2.0000000e+00
   3.8741041e-02   9.0385578e-02   1.0000000e+00
   8.6042199e-01   5.7636455e-02   1.0000000e+00
   6.6040194e-01   3.8998498e-01   3.0000000e+00
   9.2111462e-01   9.8157236e-01   2.0000000e+00
   3.5478374e-01   2.3905859e-01   1.0000000e+00
   5.6222122e-01   6.3695543e-02   1.0000000e+00
   3.5097479e-01   9.2583876e-01   2.0000000e+00
   6.3318799e-01   4.0210315e-02   1.0000000e+00
   2.1996692e-01   3.3670506e-01   1.0000000e+00
   9.7885030e-01   6.2123185e-01   1.0000000e+00
   1.5381146e-01   4.2984477e-01   1.0000000e+00
   5.1425851e-01   5.0150225e-01   1.0000000e+00
   9.1575202e-01   6.8552829e-02   1.0000000e+00
   6.7092668e-01   4.0550826e-01   3.0000000e+00
   5.1666416e-01   8.6690035e-01   2.0000000e+00
   8.5891846e-01   6.2438658e-01   1.0000000e+00
   9.8732020e-02   8.2168252e-01   2.0000000e+00
   8.4388313e-01   2.2003005e-01   1.0000000e+00
   2.0337794e-01   2.7751627e-01   1.0000000e+00
   4.6093319e-01   3.9359039e-01   3.0000000e+00
   7.3207037e-01   9.3890836e-01   2.0000000e+00
   3.9101889e-01   3.2894342e-01   3.0000000e+00
   9.7449005e-01   1.2248373e-01   1.0000000e+00
   2.7840425e-01   4.3760641e-01   1.0000000e+00
   7.0375382e-01   7.3855784e-01   2.0000000e+00
   8.7781286e-01   8.1907862e-01   2.0000000e+00
   4.4253997e-01   3.4341512e-01   3.0000000e+00
   5.7434972e-01   1.2974462e-01   3.0000000e+00
   5.4031975e-01   6.1402103e-01   2.0000000e+00
   8.8858818e-01   6.2123185e-01   1.0000000e+00
   9.4196361e-01   5.6584877e-01   1.0000000e+00
   7.3507743e-01   1.0430646e-01   1.0000000e+00
   5.1420839e-01   8.0796194e-01   2.0000000e+00
   6.9964416e-01   4.4081122e-01   3.0000000e+00
   3.9668220e-01   6.5533300e-01   3.0000000e+00
   5.2643713e-01   3.2463696e-01   3.0000000e+00
   2.4978700e-01   8.9484226e-02   1.0000000e+00
   7.3803438e-01   2.1046570e-01   1.0000000e+00
   8.2739438e-01   5.9704557e-01   2.0000000e+00
   5.1475969e-01   8.9699549e-01   2.0000000e+00
   4.4574751e-01   1.6359539e-01   1.0000000e+00
   1.1201323e-01   9.6670005e-01   2.0000000e+00
   8.8492958e-01   9.7536304e-01   2.0000000e+00
   8.5911893e-01   4.1372058e-01   1.0000000e+00
   2.7564777e-03   6.3865799e-01   2.0000000e+00
   6.0642510e-03   9.1847772e-01   2.0000000e+00
   6.6305819e-01   3.4757136e-01   3.0000000e+00
   5.8246880e-01   6.0701052e-01   2.0000000e+00
   6.0271638e-01   7.3910866e-02   1.0000000e+00
   3.2837167e-01   1.9684527e-01   1.0000000e+00
   1.3201022e-01   9.0265398e-01   2.0000000e+00
   1.6483737e-01   9.0410616e-01   2.0000000e+00
   7.4510099e-01   7.2984477e-01   2.0000000e+00
   8.1691976e-01   4.9344016e-01   1.0000000e+00
   3.4430913e-02   4.2914372e-02   1.0000000e+00
   3.1709517e-01   1.3645468e-01   1.0000000e+00
   4.0304716e-01   2.0691037e-01   3.0000000e+00
   7.8048414e-01   6.1477216e-01   1.0000000e+00
   3.2210695e-01   5.7496244e-01   3.0000000e+00
   5.6978900e-01   2.8112168e-01   3.0000000e+00
   3.2085401e-01   6.6219329e-01   2.0000000e+00
   4.3236606e-01   4.5893841e-01   3.0000000e+00
   1.1326618e-02   4.6609915e-01   1.0000000e+00
   4.6504285e-01   7.7696545e-01   2.0000000e+00
   8.1481481e-01   1.8272409e-01   1.0000000e+00
   4.4805292e-01   5.2854281e-01   2.0000000e+00
   8.2423696e-01   4.9909865e-01   1.0000000e+00
   6.7197915e-01   3.3715573e-01   3.0000000e+00
   4.7215958e-01   5.6815223e-01   2.0000000e+00
   8.7139778e-01   2.7961943e-01   1.0000000e+00
   9.5153611e-01   6.8097146e-01   2.0000000e+00
   3.4897008e-01   7.6334502e-01   2.0000000e+00
   3.9683256e-01   4.9323986e-01   3.0000000e+00
   7.0199970e-01   1.8763145e-01   3.0000000e+00
   7.4324663e-02   7.8678017e-01   2.0000000e+00
   4.1236907e-01   7.1311968e-01   2.0000000e+00
   6.3890142e-01   6.8532799e-01   2.0000000e+00
   9.8436325e-01   6.0225338e-01   2.0000000e+00
   2.8968075e-01   9.3129695e-01   2.0000000e+00
   4.7762241e-01   4.1887832e-01   3.0000000e+00
   4.2815617e-01   1.5558338e-01   1.0000000e+00
   6.7759234e-01   1.9739609e-01   3.0000000e+00
   4.2539969e-01   4.7280921e-01   1.0000000e+00
   1.5887335e-02   8.4231347e-01   2.0000000e+00
   5.7835914e-01   4.0115173e-01   3.0000000e+00
   4.2504886e-01   2.3269905e-01   1.0000000e+00
   7.1056984e-01   9.4271407e-01   2.0000000e+00
   5.8873352e-01   9.3495243e-01   2.0000000e+00
   8.0393926e-01   6.2268403e-01   2.0000000e+00
   2.3014083e-01   8.0660991e-01   2.0000000e+00
   1.3396482e-01   7.3635453e-01   2.0000000e+00
   1.8643813e-01   9.4712068e-01   2.0000000e+00
   2.5229289e-01   2.7456184e-01   1.0000000e+00
   3.8134616e-01   3.1597396e-02   1.0000000e+00
   6.7343257e-01   5.6209314e-01   3.0000000e+00
   2.8045908e-01   9.6534802e-01   2.0000000e+00
   3.6175011e-01   1.9474211e-01   1.0000000e+00
   9.4587280e-01   3.6384577e-01   1.0000000e+00
   5.3716233e-01   3.5498247e-01   3.0000000e+00
   9.6551897e-01   1.9434151e-01   1.0000000e+00
   5.3520774e-01   4.1056585e-01   3.0000000e+00
   7.5838220e-01   9.9364046e-01   2.0000000e+00
   7.0445547e-01   1.9088633e-01   1.0000000e+00
   2.0212499e-01   6.4957436e-01   2.0000000e+00
   2.6873152e-01   6.4747121e-01   2.0000000e+00
   8.3561369e-01   3.9334001e-01   1.0000000e+00
   2.8151155e-01   8.0455684e-01   2.0000000e+00
   4.0946224e-01   4.4857286e-01   3.0000000e+00
   8.6197564e-01   9.0070105e-01   2.0000000e+00
   5.4608330e-01   7.0866299e-01   2.0000000e+00
   5.3019596e-01   3.6084126e-01   3.0000000e+00
   2.8567133e-01   4.8923385e-02   1.0000000e+00
   4.7185887e-01   4.5543315e-01   3.0000000e+00
   3.5358092e-01   2.6930396e-01   3.0000000e+00
   4.0069163e-01   7.2889334e-01   2.0000000e+00
   5.8883376e-01   3.2348523e-01   3.0000000e+00
   0.0000000e+00   5.7796695e-01   2.0000000e+00
   2.7700095e-01   5.9904857e-01   2.0000000e+00
   2.5981055e-01   7.7215824e-02   1.0000000e+00
   5.3626021e-02   5.6840260e-01   2.0000000e+00
   7.3542826e-01   6.9889835e-01   2.0000000e+00
   8.7510650e-01   3.1487231e-01   1.0000000e+00
   3.0987821e-01   6.8913370e-01   2.0000000e+00
   6.3649577e-02   3.4972459e-01   1.0000000e+00
   5.7901068e-01   3.7235854e-01   3.0000000e+00
   6.1143688e-01   5.4131197e-01   2.0000000e+00
   6.9844134e-01   3.1106660e-01   1.0000000e+00
   5.9209141e-01   3.0711067e-01   3.0000000e+00
   3.7773768e-01   4.6805208e-01   2.0000000e+00
   9.0457575e-01   2.3770656e-01   1.0000000e+00
   4.9967423e-02   9.4481723e-01   2.0000000e+00
   3.1323610e-02   3.6815223e-01   1.0000000e+00
   1.4534155e-01   9.1612419e-01   2.0000000e+00
   5.9569989e-01   2.0255383e-01   1.0000000e+00
   9.9233198e-03   6.0300451e-01   2.0000000e+00
   4.7341252e-01   4.8502754e-01   1.0000000e+00
   5.5450308e-01   3.9974962e-01   3.0000000e+00
   9.0111763e-01   3.0991487e-01   3.0000000e+00
   8.6152458e-01   6.9574362e-01   2.0000000e+00
   7.7096176e-01   5.8097146e-01   2.0000000e+00
   7.7767754e-01   1.4737106e-01   1.0000000e+00
   3.0421491e-01   8.7881823e-02   1.0000000e+00
   8.6192552e-01   3.6054081e-02   1.0000000e+00
   2.7264071e-02   7.0811217e-01   2.0000000e+00
   5.4728612e-01   3.3685528e-01   3.0000000e+00
   7.2735929e-01   8.4291437e-01   2.0000000e+00
   6.0692628e-01   4.4141212e-01   3.0000000e+00
   7.7306671e-01   2.8482724e-01   1.0000000e+00
   2.4667970e-01   1.7506259e-01   1.0000000e+00
   3.6024658e-01   6.9283926e-01   2.0000000e+00
   3.2686814e-01   9.0090135e-01   2.0000000e+00
   8.0709668e-01   5.6830245e-01   1.0000000e+00
   8.0955245e-01   2.7381072e-01   1.0000000e+00
   9.5559565e-01   5.0530796e-01   1.0000000e+00
   7.9556959e-01   5.8187281e-01   2.0000000e+00
   3.3413522e-01   3.1857787e-01   1.0000000e+00
   4.4644916e-01   4.3129695e-01   1.0000000e+00
   8.4744149e-01   4.2543816e-01   1.0000000e+00
   6.0908134e-01   3.3560341e-01   3.0000000e+00
   4.4058538e-01   1.2889334e-01   1.0000000e+00
   6.5754523e-01   6.6695043e-01   2.0000000e+00
   6.0893099e-01   4.6529795e-01   3.0000000e+00
   5.8236857e-01   3.0796194e-01   3.0000000e+00
   3.8871348e-01   5.9834752e-01   3.0000000e+00
   4.5712424e-01   5.0055083e-01   3.0000000e+00
   4.8293490e-01   2.3114672e-01   3.0000000e+00
   7.0826442e-01   1.3875814e-01   1.0000000e+00
   4.9030221e-01   1.9253881e-01   3.0000000e+00
   9.2848193e-01   6.4907361e-01   2.0000000e+00
   5.9063800e-01   2.5638458e-01   3.0000000e+00
   9.7133263e-01   4.0766149e-01   1.0000000e+00
   4.9967423e-02   5.5072609e-01   2.0000000e+00
   6.7478575e-01   1.5067601e-01   3.0000000e+00
   6.4927580e-01   3.4947421e-01   3.0000000e+00
   6.5158122e-01   4.7105658e-01   3.0000000e+00
   2.8752569e-01   6.0390586e-02   1.0000000e+00
   5.0874555e-01   3.7796695e-01   3.0000000e+00
   2.3304766e-02   1.8312469e-01   1.0000000e+00
   6.4070566e-01   4.4311467e-01   3.0000000e+00
   9.3103794e-01   1.1877817e-01   1.0000000e+00
   4.9872200e-01   3.1091637e-01   3.0000000e+00
   6.1810254e-01   3.8087131e-01   3.0000000e+00
   5.2663760e-01   4.1687531e-01   3.0000000e+00
   7.2680800e-01   3.6114171e-01   3.0000000e+00
   4.5015787e-01   5.1256885e-01   3.0000000e+00
   1.2354032e-01   4.5563345e-01   2.0000000e+00
   5.8828246e-01   7.4962444e-02   3.0000000e+00
   6.2692327e-01   4.6219329e-01   1.0000000e+00
   7.3086754e-01   1.9349024e-01   1.0000000e+00
   6.1634842e-01   3.2889334e-01   3.0000000e+00
   5.2563524e-01   4.4556835e-01   3.0000000e+00
   8.3315792e-01   3.1186780e-01   1.0000000e+00
   5.6031674e-02   7.1512268e-01   2.0000000e+00
   8.8242370e-01   8.5828743e-01   2.0000000e+00
   6.1955596e-01   3.6895343e-01   3.0000000e+00
   3.0326267e-01   3.5773660e-01   1.0000000e+00
   5.9424648e-01   5.0045068e-01   1.0000000e+00
   4.0560317e-01   8.8873310e-01   2.0000000e+00
   7.8770110e-01   3.8678017e-01   1.0000000e+00
   4.5296447e-01   4.4401602e-01   1.0000000e+00
   6.0196462e-01   3.6619930e-01   3.0000000e+00
   9.6541873e-01   3.2498748e-01   1.0000000e+00
   3.8946524e-01   5.2974462e-01   1.0000000e+00
   7.4555205e-01   3.6054081e-01   3.0000000e+00
   7.8935498e-02   6.5623435e-01   2.0000000e+00
   8.0789856e-02   6.1236855e-01   2.0000000e+00
   1.1010876e-01   2.4386580e-01   1.0000000e+00
   8.2729414e-01   1.2513771e-01   1.0000000e+00
   1.7977247e-01   1.5398097e-01   1.0000000e+00
   3.3989876e-01   3.4551828e-01   1.0000000e+00
   8.3897158e-01   8.4571858e-01   2.0000000e+00
   8.7946675e-01   8.2939409e-01   2.0000000e+00
   6.1955596e-01   5.3585378e-01   3.0000000e+00
   2.1721044e-01   7.8542814e-01   2.0000000e+00
   5.4267529e-01   5.2503756e-01   3.0000000e+00
   8.1306069e-01   8.8988483e-01   2.0000000e+00
   3.2882273e-01   9.1632449e-01   2.0000000e+00
   8.9645667e-01   3.8007011e-02   1.0000000e+00
   9.6466697e-01   5.4006009e-01   1.0000000e+00
   6.6842079e-01   5.3820731e-01   2.0000000e+00
   6.2451762e-01   2.3024537e-01   3.0000000e+00
   5.5645768e-01   3.2183275e-01   3.0000000e+00
   6.7669022e-01   3.4932399e-01   3.0000000e+00
   5.0117777e-05   7.1472208e-01   2.0000000e+00
   6.2627174e-01   4.1967952e-01   3.0000000e+00
   5.6863630e-01   3.8372559e-01   3.0000000e+00
   3.9813562e-01   3.8022033e-01   3.0000000e+00
   5.5239814e-01   2.7225839e-01   3.0000000e+00
   7.5081441e-01   9.1467201e-01   2.0000000e+00
   3.5483386e-02   9.2578868e-01   2.0000000e+00
   2.8311532e-01   5.1347021e-01   1.0000000e+00
   4.9536411e-01   3.6965448e-01   3.0000000e+00
   3.0772315e-01   3.6654982e-02   1.0000000e+00
   1.7641457e-02   9.6925388e-01   2.0000000e+00
   4.4589786e-01   8.7531297e-02   1.0000000e+00
   3.6039693e-01   7.5523285e-01   2.0000000e+00
   6.2105949e-01   5.4526790e-01   2.0000000e+00
   3.9317396e-01   3.4566850e-01   3.0000000e+00
   4.5857766e-01   4.9273911e-01   1.0000000e+00
   6.5924924e-01   4.3970956e-01   1.0000000e+00
   5.4728612e-01   3.0721082e-01   3.0000000e+00
   6.8360648e-02   2.2383575e-01   1.0000000e+00
   4.5932942e-01   9.7200801e-01   2.0000000e+00
   6.1644865e-02   4.4156234e-01   1.0000000e+00
   2.7188894e-01   3.3294942e-01   1.0000000e+00
   4.7060592e-01   2.4712068e-01   1.0000000e+00
   4.3953290e-01   4.0005008e-01   3.0000000e+00
   8.2148048e-01   6.4206309e-01   2.0000000e+00
   3.0195961e-01   1.2598898e-01   3.0000000e+00
   7.4013933e-01   1.8337506e-01   1.0000000e+00
   6.5328522e-01   3.0676014e-01   3.0000000e+00
   2.9218664e-01   4.6755133e-01   1.0000000e+00
   3.5363103e-01   2.6514772e-01   1.0000000e+00
   6.6761890e-01   1.7791688e-01   3.0000000e+00
   6.7243021e-01   8.1116675e-01   2.0000000e+00
   5.4974189e-01   2.8312469e-01   3.0000000e+00
   1.8914449e-01   3.2433650e-01   1.0000000e+00
   3.1569188e-01   2.9529294e-01   1.0000000e+00
   4.1166742e-01   8.8733100e-01   2.0000000e+00
   9.3965820e-01   2.6379569e-01   1.0000000e+00
   7.1082043e-01   4.4006009e-01   3.0000000e+00
   4.1026412e-01   4.0200300e-01   3.0000000e+00
   2.5790608e-01   8.3350025e-01   2.0000000e+00
   6.1669924e-01   2.4687031e-01   3.0000000e+00
   1.6558913e-01   6.7225839e-01   2.0000000e+00
   6.2947928e-01   1.9869805e-01   3.0000000e+00
   2.8096026e-01   9.5012519e-01   2.0000000e+00
   4.4880469e-01   5.5578368e-01   3.0000000e+00
   9.4311632e-01   8.2729094e-01   2.0000000e+00
   7.2345011e-01   3.2008012e-01   3.0000000e+00
   7.5963514e-01   4.2658988e-01   1.0000000e+00
   4.3046158e-01   8.3535303e-01   2.0000000e+00
   3.4681502e-02   6.7125689e-01   2.0000000e+00
   9.2762993e-01   9.5743615e-02   1.0000000e+00
   3.9618103e-01   9.3174762e-01   2.0000000e+00
   5.2994537e-01   1.5363045e-01   3.0000000e+00
   7.0846489e-01   2.5418127e-01   3.0000000e+00
   5.8512504e-01   3.1367051e-01   3.0000000e+00
   1.9596051e-02   8.6399599e-01   2.0000000e+00
   7.8835263e-01   4.5252879e-01   3.0000000e+00
   9.4787751e-01   3.0000000e-01   1.0000000e+00
   8.1090563e-02   5.3950926e-01   2.0000000e+00
   9.8436325e-01   6.7486229e-01   2.0000000e+00
   7.2304917e-01   9.4106159e-01   2.0000000e+00
   6.7077632e-01   8.0731097e-01   2.0000000e+00
   6.5428758e-01   7.8582874e-01   2.0000000e+00
   5.2984514e-01   8.5528292e-01   2.0000000e+00
   7.9887736e-01   3.4942414e-01   3.0000000e+00
   1.7691575e-02   3.2929394e-01   1.0000000e+00
   1.7997294e-01   4.8607912e-01   2.0000000e+00
   7.6865634e-01   5.4962444e-01   2.0000000e+00
   2.7088658e-01   9.9789685e-01   2.0000000e+00
   5.2874254e-02   2.9318978e-01   1.0000000e+00
   3.9287325e-01   7.5252879e-01   2.0000000e+00
   2.2217210e-01   3.9434151e-01   1.0000000e+00
   1.4048013e-01   7.3935904e-01   2.0000000e+00
   5.2252794e-01   9.9298948e-02   3.0000000e+00
   2.2713376e-01   2.2633951e-01   1.0000000e+00
   2.7885531e-01   7.7621432e-01   2.0000000e+00
   3.5207738e-01   5.3224837e-01   1.0000000e+00
   6.8846790e-01   3.6705058e-02   1.0000000e+00
   6.4486543e-01   9.9464196e-01   2.0000000e+00
   9.2672781e-01   9.7786680e-01   2.0000000e+00
   2.1610785e-01   1.6474712e-01   1.0000000e+00
   2.8396732e-01   3.6940411e-01   1.0000000e+00
   1.7816870e-01   8.4171257e-01   2.0000000e+00
   6.3383952e-01   4.5062594e-01   3.0000000e+00
   6.8671378e-01   9.2674011e-01   2.0000000e+00
   1.0324262e-01   4.0495744e-01   1.0000000e+00
   6.9768957e-01   3.8072108e-01   1.0000000e+00
   2.1164737e-01   8.0961442e-01   2.0000000e+00
   4.0094221e-04   2.1101652e-01   1.0000000e+00
   3.5373127e-01   1.7175764e-01   3.0000000e+00
   5.6146945e-01   3.0936405e-01   3.0000000e+00
   9.2291886e-01   8.8422634e-01   2.0000000e+00
   4.1527590e-01   4.0400601e-01   1.0000000e+00
   1.4844885e-01   3.9509264e-01   1.0000000e+00
   9.5805142e-01   5.7976965e-01   2.0000000e+00
   3.8149652e-01   2.3765648e-01   1.0000000e+00
   4.4604821e-03   4.5358037e-01   1.0000000e+00
   9.9298351e-01   7.6414622e-01   2.0000000e+00
   7.9672230e-01   3.8668002e-01   3.0000000e+00
   3.4686513e-01   5.7731597e-01   2.0000000e+00
   3.8034381e-01   5.1907862e-01   1.0000000e+00
   9.9714329e-01   9.2388583e-02   1.0000000e+00
   7.8258908e-01   3.1567351e-01   1.0000000e+00
   9.3459630e-01   6.0751127e-01   1.0000000e+00
   2.9068311e-01   4.5468202e-02   1.0000000e+00
   6.1539618e-01   6.3304957e-01   2.0000000e+00
   8.0814915e-01   9.4541813e-02   3.0000000e+00
   7.9406606e-01   8.4997496e-01   2.0000000e+00
   6.5082945e-01   3.0871307e-01   3.0000000e+00
   2.7945672e-01   2.9774662e-01   1.0000000e+00
   7.5171653e-01   5.0726089e-01   3.0000000e+00
   4.7060592e-01   1.3550325e-01   1.0000000e+00
   5.6377487e-01   7.4621933e-01   2.0000000e+00
   1.9495815e-02   9.5297947e-01   2.0000000e+00
   2.0758783e-01   6.1807712e-01   2.0000000e+00
   9.4497068e-01   9.3099649e-01   2.0000000e+00
   6.8110059e-01   1.5503255e-01   3.0000000e+00
   4.3477171e-01   1.4656985e-01   3.0000000e+00
   6.1845337e-01   2.3705558e-01   3.0000000e+00
   1.9666216e-01   5.3955934e-01   2.0000000e+00
   1.0499674e-01   9.4446670e-01   2.0000000e+00
   8.5766551e-01   4.8688032e-01   1.0000000e+00
   9.6376485e-02   3.4066099e-01   1.0000000e+00
   5.1105097e-01   1.1857787e-01   1.0000000e+00
   9.3294241e-01   8.6089134e-01   2.0000000e+00
   7.6424598e-01   8.4226340e-01   2.0000000e+00
   3.9472761e-01   7.8472709e-01   2.0000000e+00
   1.3286223e-01   3.7310966e-01   1.0000000e+00
   3.5498421e-01   8.7215824e-01   2.0000000e+00
   8.4212900e-01   5.9524286e-01   2.0000000e+00
   7.8278956e-01   4.0175263e-01   3.0000000e+00
   7.5783090e-01   5.7130696e-01   2.0000000e+00
   7.0390417e-01   5.6690035e-01   3.0000000e+00
   9.2923370e-01   5.5583375e-02   1.0000000e+00
   1.3125846e-01   4.4271407e-01   1.0000000e+00
   9.2206686e-01   6.7861793e-01   2.0000000e+00
   5.1681451e-01   1.9549324e-01   3.0000000e+00
   4.9832105e-01   1.2819229e-01   1.0000000e+00
   3.7027013e-01   6.4166249e-01   2.0000000e+00
   9.6782439e-01   6.1166750e-01   1.0000000e+00
   1.1892948e-01   2.5678518e-01   1.0000000e+00
   5.1170250e-01   3.1787682e-01   3.0000000e+00
   7.2946424e-01   3.3655483e-01   1.0000000e+00
   7.8309026e-01   7.6224337e-01   2.0000000e+00
   4.0911141e-01   5.2669004e-01   1.0000000e+00
   7.2575553e-01   2.7155734e-01   1.0000000e+00
   8.6683707e-01   6.1096645e-01   2.0000000e+00
   4.3908184e-01   3.1201803e-01   3.0000000e+00
   5.3079737e-01   4.0425638e-01   3.0000000e+00
   5.3179973e-01   7.2498748e-01   2.0000000e+00
   7.4339698e-01   5.3204807e-01   1.0000000e+00
   6.0968275e-01   1.8868302e-01   3.0000000e+00
   8.7891545e-01   8.8347521e-01   2.0000000e+00
   1.1091064e-01   6.4937406e-01   2.0000000e+00
   7.5677843e-02   8.9173761e-01   2.0000000e+00
   9.1775673e-01   9.3830746e-01   2.0000000e+00
   1.4022954e-01   3.6985478e-01   1.0000000e+00
   6.1038440e-01   2.8347521e-01   3.0000000e+00
   3.9613091e-01   3.0896345e-01   1.0000000e+00
   8.2548990e-01   5.4236355e-01   3.0000000e+00
   3.3904676e-01   4.7621432e-01   1.0000000e+00
   2.5169147e-01   3.9088633e-01   1.0000000e+00
   3.1639352e-01   5.9944917e-01   2.0000000e+00
   4.5852754e-01   5.8988483e-01   2.0000000e+00
   6.1775172e-01   7.6259389e-01   2.0000000e+00
   9.2076379e-01   6.3685528e-01   2.0000000e+00
   1.9480780e-01   9.1136705e-03   1.0000000e+00
   9.2517416e-02   4.3585378e-01   1.0000000e+00
   5.4272540e-01   3.9123686e-01   3.0000000e+00
   8.1942565e-02   9.7491237e-01   2.0000000e+00
   5.7244525e-01   2.7105658e-01   3.0000000e+00
   5.1661404e-01   3.1857787e-01   3.0000000e+00
   3.8916454e-01   2.7981973e-01   1.0000000e+00
   6.5052874e-01   3.3480220e-01   3.0000000e+00
   1.8072470e-01   1.3019529e-01   1.0000000e+00
   3.0221019e-01   6.0691037e-02   1.0000000e+00
   5.1085050e-01   6.4581873e-01   2.0000000e+00
   3.9091866e-01   1.3700551e-01   1.0000000e+00
   5.3721245e-01   5.0510766e-01   3.0000000e+00
   7.6334386e-01   5.9729594e-01   1.0000000e+00
   4.9972435e-01   5.2523786e-01   1.0000000e+00
   4.3722748e-01   2.6920381e-01   3.0000000e+00
   3.3598958e-01   1.6474712e-02   1.0000000e+00
   1.3997895e-01   7.5428142e-01   2.0000000e+00
   3.7638450e-02   5.9904857e-01   2.0000000e+00
   1.1020899e-01   4.9689534e-01   2.0000000e+00
   9.2387110e-01   9.5017526e-01   2.0000000e+00
   6.5724452e-01   3.3029544e-01   3.0000000e+00
   7.1442891e-01   2.5738608e-01   1.0000000e+00
   3.0817421e-01   4.7806710e-01   1.0000000e+00
   4.3652584e-01   2.7951928e-01   3.0000000e+00
   7.6519822e-01   4.5067601e-03   1.0000000e+00
   4.9290833e-01   2.5873811e-01   3.0000000e+00
   2.8060943e-01   3.5828743e-01   1.0000000e+00
   3.4831855e-02   7.9514271e-01   2.0000000e+00
   7.1643362e-01   2.8723085e-01   1.0000000e+00
   3.8014334e-01   9.8933400e-01   2.0000000e+00
   7.9627124e-01   3.1842764e-01   3.0000000e+00
   7.1272490e-01   2.5773660e-01   3.0000000e+00
   1.0000000e+00   6.3985979e-01   2.0000000e+00
   9.8120583e-01   8.2148222e-01   2.0000000e+00
   6.6857114e-02   2.4021032e-01   1.0000000e+00
   4.8067960e-01   4.8067101e-01   3.0000000e+00
   7.4926076e-02   7.1251878e-01   2.0000000e+00
   4.6368967e-01   3.3024537e-01   3.0000000e+00
   5.7830903e-01   8.1016525e-01   2.0000000e+00
   8.7054578e-02   7.5483225e-01   2.0000000e+00
   8.7174861e-01   9.4566850e-01   2.0000000e+00
   5.8607728e-01   1.2714071e-01   3.0000000e+00
   3.8470405e-01   9.4431647e-01   2.0000000e+00
   8.7420438e-01   2.8387581e-01   1.0000000e+00
   7.4124192e-01   3.0916375e-01   3.0000000e+00
   8.7014484e-01   4.1517276e-01   1.0000000e+00
   9.9589034e-01   7.5297947e-01   2.0000000e+00
   4.7947677e-01   5.2118177e-01   1.0000000e+00
   8.0368867e-01   9.8683025e-01   2.0000000e+00
   5.1521075e-01   6.0430646e-01   3.0000000e+00
   9.3625019e-01   5.2974462e-01   1.0000000e+00
   4.5642259e-01   2.5252879e-01   3.0000000e+00
   3.0050619e-01   4.2238358e-01   1.0000000e+00
   9.5198717e-01   5.9934902e-01   2.0000000e+00
   9.7880018e-01   6.8572859e-01   2.0000000e+00
   6.2316444e-01   4.8923385e-01   3.0000000e+00
   7.1097078e-01   9.1822734e-01   2.0000000e+00
   5.8572646e-01   6.1797697e-01   2.0000000e+00
   2.1209843e-01   4.8167251e-01   1.0000000e+00
   5.1581216e-01   6.9884827e-01   2.0000000e+00
   7.1142184e-01   6.5908863e-01   2.0000000e+00
   4.5757530e-02   4.4962444e-01   2.0000000e+00
   4.4284068e-01   1.2308463e-01   3.0000000e+00
   1.3732271e-02   1.7025538e-01   1.0000000e+00
   4.5537012e-01   3.7336004e-01   3.0000000e+00
   7.6419586e-01   1.1817727e-01   1.0000000e+00
   8.0348820e-01   8.8693040e-01   2.0000000e+00
   1.3190999e-01   2.5933901e-01   1.0000000e+00
   5.6066757e-01   3.9128693e-01   3.0000000e+00
   1.8744049e-01   5.4166249e-01   2.0000000e+00
   7.5487395e-01   4.3500250e-01   3.0000000e+00
   8.2684308e-01   5.9569354e-01   1.0000000e+00
   7.3131860e-01   4.2228343e-01   3.0000000e+00
   5.5129554e-03   6.5297947e-01   2.0000000e+00
   9.7679547e-01   3.5097646e-01   1.0000000e+00
   4.4559715e-01   4.0726089e-01   3.0000000e+00
   6.0832957e-01   5.8132198e-01   1.0000000e+00
   5.3295244e-01   2.8457687e-01   3.0000000e+00
   4.9335939e-01   8.1997997e-01   2.0000000e+00
   1.4398837e-01   4.9409114e-01   2.0000000e+00
   7.9977948e-01   5.9804707e-01   2.0000000e+00
   4.0359846e-01   6.1321983e-01   2.0000000e+00
   9.3404501e-01   5.0180270e-01   1.0000000e+00
   4.1612790e-01   4.4682023e-01   3.0000000e+00
   9.7609382e-01   4.1141713e-01   1.0000000e+00
   4.5221270e-01   8.0671007e-01   2.0000000e+00
   7.5913396e-01   6.0115173e-01   1.0000000e+00
   6.8115070e-01   8.3119680e-01   2.0000000e+00
   7.3618002e-01   1.9974962e-01   1.0000000e+00
   3.7137273e-01   4.7090636e-01   1.0000000e+00
   7.8283967e-01   1.2794191e-01   1.0000000e+00
   2.7765248e-01   6.1392088e-02   1.0000000e+00
   7.6760387e-01   3.1997997e-01   3.0000000e+00
   5.2568536e-01   4.2468703e-01   3.0000000e+00
   1.3937754e-01   9.4091137e-01   2.0000000e+00
   5.0393425e-01   8.1977967e-01   2.0000000e+00
   5.5776074e-01   3.3309965e-01   3.0000000e+00
   7.5161630e-01   2.2679019e-01   3.0000000e+00
   4.9305869e-01   4.4171257e-01   3.0000000e+00
   3.8049416e-01   3.6990486e-01   1.0000000e+00
   5.7750714e-01   9.8262394e-01   2.0000000e+00
   4.9902270e-01   2.5107661e-01   3.0000000e+00
   2.6707763e-01   3.5252879e-02   1.0000000e+00
   2.8126096e-01   1.8963445e-01   1.0000000e+00
   3.2591590e-01   8.2108162e-01   2.0000000e+00
   5.1019897e-01   4.5918878e-01   3.0000000e+00
   6.6471207e-01   5.8532799e-01   2.0000000e+00
   1.6634090e-01   9.9919880e-01   2.0000000e+00
   6.8370671e-01   2.8723085e-01   3.0000000e+00
   9.3369418e-02   3.3400100e-02   1.0000000e+00
   6.2030772e-01   1.5312969e-01   3.0000000e+00
   3.8149652e-01   7.0565849e-01   2.0000000e+00
   8.7164837e-01   2.3720581e-01   1.0000000e+00
   4.4233950e-01   5.6584877e-02   1.0000000e+00
   5.3976846e-02   3.1256885e-01   1.0000000e+00
   1.6538866e-03   4.5733600e-01   1.0000000e+00
   9.4597304e-01   6.4411617e-01   1.0000000e+00
   7.6584975e-01   9.8668002e-01   2.0000000e+00
   8.7570791e-01   7.0781172e-01   2.0000000e+00
   9.2266827e-01   7.3159740e-01   2.0000000e+00
   9.1715531e-02   9.8227341e-01   2.0000000e+00
   9.4983211e-01   9.6559840e-01   2.0000000e+00
   8.4147747e-02   4.5923886e-01   2.0000000e+00
   4.0961259e-01   1.3144717e-01   1.0000000e+00
   8.7400391e-01   1.4466700e-01   1.0000000e+00
   7.8439332e-01   4.0115173e-01   1.0000000e+00
   8.2724402e-01   7.9794692e-01   2.0000000e+00
   7.0124793e-01   7.3039559e-01   2.0000000e+00
   2.5920914e-01   5.0425638e-01   1.0000000e+00
   8.4363254e-01   7.2729094e-01   2.0000000e+00
   9.5835213e-01   6.9374061e-01   2.0000000e+00
   5.5866286e-01   2.3580371e-01   3.0000000e+00
   9.6376485e-01   6.4606910e-01   1.0000000e+00
   4.4314138e-01   1.3475213e-01   3.0000000e+00
   4.0891094e-01   5.3380070e-01   2.0000000e+00
   1.1166241e-01   9.4031047e-01   2.0000000e+00
   3.9608079e-01   3.4967451e-01   1.0000000e+00
   4.6709768e-02   4.9559339e-01   2.0000000e+00
   2.9584524e-01   1.9369054e-01   1.0000000e+00
   3.5428256e-01   3.7235854e-01   3.0000000e+00
   2.1019396e-01   8.3680521e-01   2.0000000e+00
   7.5316995e-01   1.0070105e-01   1.0000000e+00
   9.1976144e-01   5.8562844e-01   1.0000000e+00
   5.2378089e-01   7.1291938e-01   3.0000000e+00
   8.9169548e-01   3.6905358e-01   1.0000000e+00
   4.8664361e-01   3.5953931e-01   3.0000000e+00
   8.9390067e-01   7.2598898e-01   2.0000000e+00
   7.2264822e-01   8.6519780e-01   2.0000000e+00
   9.2752969e-01   6.8592889e-01   2.0000000e+00
   9.0467599e-01   9.0881322e-01   2.0000000e+00
   8.8362652e-01   9.9128693e-01   2.0000000e+00
   4.3802937e-01   9.4281422e-01   2.0000000e+00
   5.4127199e-03   3.1417126e-01   1.0000000e+00
   1.9706310e-01   3.8587882e-01   1.0000000e+00
   8.7655992e-01   9.9133701e-01   2.0000000e+00
   8.7280108e-01   9.1887832e-01   2.0000000e+00
   3.4571242e-01   7.5703555e-01   2.0000000e+00
   6.0391921e-01   1.8928393e-01   3.0000000e+00
   2.4778229e-01   7.1281923e-01   2.0000000e+00
   4.3502230e-02   8.4677016e-01   2.0000000e+00
   5.3450609e-01   4.4316475e-01   3.0000000e+00
   3.8746053e-01   1.0515774e-03   1.0000000e+00
   8.1396281e-01   3.5648473e-01   1.0000000e+00
   2.1450408e-02   4.1061592e-01   1.0000000e+00
   1.5556558e-01   5.0225338e-02   1.0000000e+00
   7.1508044e-01   3.2368553e-01   1.0000000e+00
   7.3462637e-01   8.5763645e-01   2.0000000e+00
   6.9242720e-01   4.0535804e-01   1.0000000e+00
   8.5916905e-01   4.1602404e-01   1.0000000e+00
   1.0655039e-01   4.4176264e-01   2.0000000e+00
   7.1357691e-01   7.7431147e-01   2.0000000e+00
   2.9343958e-01   3.1897847e-01   3.0000000e+00
   3.2431213e-01   7.2934402e-01   2.0000000e+00
   8.2333484e-01   8.7936905e-01   2.0000000e+00
   4.1096577e-02   2.6995493e-01   1.0000000e+00
   2.0738736e-01   7.2123185e-01   2.0000000e+00
   6.2211196e-01   8.6364547e-01   2.0000000e+00
   4.9837117e-01   3.5528292e-01   3.0000000e+00
   9.8787150e-01   6.4962444e-01   2.0000000e+00
   6.5599158e-01   3.1487231e-01   3.0000000e+00
   2.5174159e-01   6.4481723e-01   2.0000000e+00
   5.1571192e-02   4.3800701e-01   1.0000000e+00
   4.8864832e-02   7.5112669e-02   1.0000000e+00
   6.1394277e-01   3.5317977e-01   3.0000000e+00
   3.1894953e-01   4.1241863e-01   1.0000000e+00
   4.9095374e-01   1.4441662e-01   1.0000000e+00
   5.7124242e-01   5.3845769e-01   3.0000000e+00
   7.2219716e-01   1.3565348e-01   3.0000000e+00
   6.2862727e-01   5.0655984e-01   1.0000000e+00
   7.1994186e-01   3.5057586e-01   1.0000000e+00
   2.8060943e-01   5.5072609e-01   2.0000000e+00
   6.3208540e-01   3.8452679e-01   3.0000000e+00
   9.7128251e-02   8.6154231e-01   2.0000000e+00
   1.8287977e-01   4.4231347e-01   1.0000000e+00
   7.9822583e-01   3.1457186e-01   1.0000000e+00
   5.0112765e-01   7.5828743e-01   2.0000000e+00
   7.8775122e-01   3.9374061e-01   1.0000000e+00
   8.6097329e-01   6.1657486e-01   1.0000000e+00
   1.5636746e-02   1.1482223e-01   1.0000000e+00
   1.7175362e-01   4.1301953e-01   1.0000000e+00
   7.1944069e-01   5.9308963e-01   1.0000000e+00
   4.1778179e-01   5.9048573e-01   3.0000000e+00
   5.8988623e-02   4.4947421e-01   1.0000000e+00
   4.5456824e-02   9.2774161e-01   2.0000000e+00
   5.6733323e-02   5.5623435e-01   2.0000000e+00
   2.3690673e-01   3.8477717e-01   1.0000000e+00
   6.3809953e-01   4.5903856e-01   3.0000000e+00
   7.2916353e-01   1.4556835e-01   3.0000000e+00
   8.6232647e-01   8.8032048e-02   1.0000000e+00
   5.3851551e-01   1.0455684e-01   3.0000000e+00
   1.8989626e-01   5.1552328e-01   2.0000000e+00
   7.0620959e-01   2.2839259e-01   3.0000000e+00
   6.7759234e-01   5.1412118e-01   3.0000000e+00
   5.7409913e-01   9.8928393e-01   2.0000000e+00
   1.6318348e-01   3.3960941e-01   1.0000000e+00
   9.5664812e-01   8.9093640e-01   2.0000000e+00
   9.9238210e-01   9.4371557e-01   2.0000000e+00
   7.8008320e-01   2.4812218e-01   1.0000000e+00
   5.7580314e-01   3.8002003e-01   3.0000000e+00
   3.6976896e-01   7.9379069e-01   2.0000000e+00
   5.5039342e-01   1.3680521e-01   1.0000000e+00
   7.3883627e-01   5.3340010e-01   1.0000000e+00
   4.2965970e-01   1.3164747e-01   3.0000000e+00
   6.1524583e-01   4.5092639e-01   3.0000000e+00
   4.3502230e-02   5.3139710e-01   2.0000000e+00
   7.9065805e-01   6.3194792e-01   2.0000000e+00
   9.0823435e-01   9.9759639e-01   2.0000000e+00
   4.0329775e-01   5.6414622e-01   2.0000000e+00
   4.0695635e-02   8.9744617e-01   2.0000000e+00
   1.5897359e-01   6.6329494e-01   2.0000000e+00
   9.8265925e-01   4.2043065e-01   1.0000000e+00
   7.3888638e-01   5.6710065e-01   2.0000000e+00
   8.0343808e-01   7.4561843e-01   2.0000000e+00
   4.7651982e-01   3.5272909e-01   3.0000000e+00
   8.6904225e-02   1.5558338e-01   1.0000000e+00
   8.9460232e-02   8.5953931e-01   2.0000000e+00
   6.2276349e-01   5.4076114e-01   3.0000000e+00
   5.3064702e-01   5.1942914e-01   1.0000000e+00
   9.1389766e-01   6.8557837e-01   2.0000000e+00
   8.9615597e-01   7.4982474e-01   2.0000000e+00
   6.1905478e-01   2.2954432e-01   3.0000000e+00
   6.2110961e-01   5.0996495e-01   1.0000000e+00
   9.0362352e-01   5.3169755e-01   1.0000000e+00
   1.6523831e-01   6.2028042e-01   2.0000000e+00
   5.1616298e-01   5.3865799e-01   2.0000000e+00
   9.0602917e-01   2.5047571e-01   1.0000000e+00
   8.6814013e-01   1.4041062e-01   1.0000000e+00
   6.2000702e-01   2.7551327e-01   3.0000000e+00
   5.9580013e-01   3.1807712e-01   3.0000000e+00
   3.6540871e-01   7.0040060e-01   2.0000000e+00
   8.6493259e-01   5.6639960e-01   1.0000000e+00
   2.2497870e-01   9.6299449e-01   2.0000000e+00
   5.4663459e-01   5.9789685e-01   3.0000000e+00
   3.6365459e-01   8.6975463e-01   2.0000000e+00
   7.5732972e-01   4.5162744e-01   1.0000000e+00
   4.1156718e-01   1.4206309e-01   1.0000000e+00
   4.5511953e-01   4.5187782e-01   3.0000000e+00
   3.4846890e-01   7.0696044e-01   2.0000000e+00
   5.4021952e-01   8.0070105e-02   3.0000000e+00
   5.9519872e-01   4.9188783e-01   3.0000000e+00
   5.4568235e-01   4.1226840e-01   3.0000000e+00
   5.6011627e-01   3.6199299e-01   3.0000000e+00
   1.0073673e-02   5.6344517e-01   2.0000000e+00
   9.0452564e-01   2.4071107e-01   1.0000000e+00
   9.0863529e-01   5.5878818e-01   1.0000000e+00
   8.5250338e-02   5.4561843e-01   2.0000000e+00
   9.1625320e-01   5.2213320e-01   1.0000000e+00
   5.4287576e-01   2.8087131e-01   3.0000000e+00
   3.8019345e-01   3.1442163e-01   1.0000000e+00
   4.7095675e-01   5.2538808e-01   3.0000000e+00
   8.0564326e-01   5.6890336e-01   2.0000000e+00
   7.3212048e-01   1.6639960e-01   3.0000000e+00
   1.8247883e-01   6.2178267e-01   2.0000000e+00
   6.9783992e-01   9.1281923e-01   2.0000000e+00
   1.2845186e-01   7.7235854e-01   2.0000000e+00
   7.5742996e-01   4.0025038e-01   1.0000000e+00
   4.3051170e-01   2.8678017e-01   3.0000000e+00
   3.0747256e-01   5.3239860e-01   2.0000000e+00
   6.3799930e-01   3.6875313e-01   3.0000000e+00
   5.0719190e-02   7.1026540e-01   2.0000000e+00
   4.1728061e-01   2.2638958e-01   3.0000000e+00
   6.6476219e-01   2.1357036e-01   3.0000000e+00
   3.6701248e-01   7.9879820e-01   2.0000000e+00
   3.4987220e-01   3.8027041e-01   1.0000000e+00
   1.2594597e-01   6.8187281e-01   2.0000000e+00
   9.3790407e-01   9.2588883e-02   1.0000000e+00
   9.7423946e-01   6.7836755e-01   2.0000000e+00
   5.5645768e-01   3.4461693e-01   3.0000000e+00
   7.1362702e-01   1.1932899e-01   3.0000000e+00
   4.1597755e-02   5.4942414e-01   2.0000000e+00
   2.5660302e-01   3.5403105e-02   1.0000000e+00
   8.7781286e-01   1.5192789e-01   1.0000000e+00
   5.3811457e-01   2.3900851e-01   3.0000000e+00
   7.1773668e-01   3.1016525e-01   1.0000000e+00
   7.9436676e-01   5.3159740e-01   1.0000000e+00
   5.1075026e-01   3.3750626e-01   3.0000000e+00
   7.1417832e-01   9.8342514e-01   2.0000000e+00
   8.5330527e-01   5.1091637e-01   1.0000000e+00
   5.6903724e-01   6.8973460e-01   2.0000000e+00
   9.5554553e-01   6.4491738e-01   1.0000000e+00
   9.5674836e-02   4.4096144e-01   2.0000000e+00
   5.3525786e-01   5.0105158e-01   1.0000000e+00
   7.8283967e-01   2.1677516e-01   1.0000000e+00
   3.7598356e-01   5.9439159e-02   1.0000000e+00
   4.9786999e-01   3.4191287e-01   3.0000000e+00
   2.3841026e-01   8.1397096e-01   2.0000000e+00
   5.7204430e-01   3.9579369e-01   3.0000000e+00
   6.8180224e-01   7.6194291e-01   2.0000000e+00
   5.3806445e-01   6.7406109e-01   3.0000000e+00
   9.6737333e-01   2.7591387e-02   1.0000000e+00
   9.1023906e-01   7.7020531e-01   2.0000000e+00
   5.5385155e-01   3.3950926e-01   3.0000000e+00
   6.6922267e-01   1.7120681e-01   3.0000000e+00
   2.3615496e-01   3.3004507e-01   1.0000000e+00
   4.3762843e-01   6.5783676e-01   2.0000000e+00
   2.5058888e-04   4.2428643e-01   2.0000000e+00
   6.9648674e-01   9.3164747e-01   2.0000000e+00
   2.9103393e-01   3.0986480e-01   1.0000000e+00
   4.2504886e-01   3.4972459e-01   3.0000000e+00
   4.5171152e-01   3.0711067e-01   3.0000000e+00
   6.0121285e-01   1.5753630e-01   1.0000000e+00
   8.2017742e-01   3.6770155e-01   3.0000000e+00
   6.8059941e-01   2.9083625e-01   3.0000000e+00
   6.0091214e-02   1.3370055e-02   1.0000000e+00
   1.0980805e-01   2.8943415e-02   1.0000000e+00
   7.4775723e-01   3.7606410e-02   1.0000000e+00
   6.0056132e-01   4.0095143e-01   3.0000000e+00
   3.7919110e-01   3.9459189e-02   1.0000000e+00
   8.0494161e-01   6.4316475e-01   2.0000000e+00
   7.5061394e-01   1.0195293e-01   1.0000000e+00
   7.1553150e-01   3.9068603e-01   3.0000000e+00
   7.5913396e-01   5.1241863e-01   1.0000000e+00
   3.8695935e-01   8.0530796e-01   2.0000000e+00
   6.1574701e-01   7.7220831e-01   2.0000000e+00
   2.7038541e-01   1.1407111e-01   1.0000000e+00
   1.7541222e-01   8.7346019e-01   2.0000000e+00
   6.0898111e-01   7.0205308e-02   1.0000000e+00
   4.1813261e-01   5.5733600e-01   2.0000000e+00
   9.7875006e-01   4.8773160e-02   1.0000000e+00
   3.2902320e-01   1.7330996e-01   3.0000000e+00
   4.6965369e-01   7.8818227e-01   2.0000000e+00
   5.3761339e-01   1.9824737e-01   1.0000000e+00
   3.8079487e-01   6.3104657e-01   2.0000000e+00
   7.9276299e-01   7.4261392e-02   1.0000000e+00
   6.5483887e-01   2.7195794e-01   3.0000000e+00
   3.2992532e-01   8.1927892e-01   2.0000000e+00
   3.4977196e-01   4.1607411e-01   1.0000000e+00
   6.5032827e-01   4.7396094e-01   3.0000000e+00
   1.5050368e-01   4.2809214e-01   2.0000000e+00
   6.2401644e-01   3.9093640e-01   3.0000000e+00
   7.4645417e-01   3.4416625e-01   3.0000000e+00
   3.6861625e-01   6.2613921e-01   2.0000000e+00
   9.7023004e-01   9.0360541e-01   2.0000000e+00
   9.7664512e-01   2.2513771e-01   1.0000000e+00
   4.5241317e-01   3.9434151e-01   1.0000000e+00
   7.8624768e-01   3.4872308e-01   1.0000000e+00
   6.6175512e-01   3.5973961e-01   3.0000000e+00
   4.6654638e-01   3.0095143e-01   3.0000000e+00
   3.6575953e-01   5.3470205e-01   2.0000000e+00
   8.4378289e-01   8.7771657e-01   2.0000000e+00
   8.4999749e-01   1.2133200e-01   1.0000000e+00
   3.2822132e-01   5.2944417e-01   2.0000000e+00
   9.1414825e-01   1.7140711e-01   1.0000000e+00
   7.3036636e-01   5.5282924e-01   1.0000000e+00
   4.1943567e-01   6.5107661e-01   2.0000000e+00
   4.4133714e-01   5.4737106e-01   1.0000000e+00
   9.6516815e-01   1.3289935e-01   1.0000000e+00
   5.0072671e-01   2.3535303e-01   3.0000000e+00
   3.2591590e-01   4.2428643e-01   1.0000000e+00
   5.0378389e-01   1.6059089e-01   1.0000000e+00
   7.5281912e-01   1.8562844e-01   3.0000000e+00
   5.7685561e-01   8.2789184e-01   2.0000000e+00
   7.8484438e-01   2.3249875e-01   3.0000000e+00
   6.2271338e-01   4.6079119e-01   3.0000000e+00
   6.1158723e-01   7.2538808e-01   2.0000000e+00
   2.3199519e-01   5.3980971e-01   2.0000000e+00
   8.0138325e-01   1.8477717e-01   1.0000000e+00
   8.6874154e-01   9.0040060e-01   2.0000000e+00
   5.4904024e-01   9.6905358e-01   2.0000000e+00
   4.1377237e-01   4.1412118e-01   3.0000000e+00
   1.9235203e-01   2.2578868e-01   1.0000000e+00
   9.0412469e-01   1.7841763e-01   1.0000000e+00
   4.5912895e-01   6.3760641e-01   2.0000000e+00
   7.0736230e-01   3.8052078e-01   3.0000000e+00
   8.0238561e-02   8.1942914e-01   2.0000000e+00
   7.4424899e-01   4.5388082e-01   3.0000000e+00
   6.3398988e-01   0.0000000e+00   1.0000000e+00
   4.1231895e-01   5.2488733e-01   2.0000000e+00
   6.5854759e-02   4.5177767e-01   2.0000000e+00
   5.1681451e-01   1.3149725e-01   3.0000000e+00
   8.7054578e-02   6.4041062e-01   2.0000000e+00
   5.8041397e-01   1.7641462e-01   1.0000000e+00
   8.3826993e-01   3.6584877e-01   1.0000000e+00
   4.5762542e-01   7.8127191e-01   2.0000000e+00
   4.0054127e-01   4.0475714e-01   1.0000000e+00
   4.3396983e-01   3.5252879e-01   3.0000000e+00
   6.1760136e-01   2.3600401e-01   3.0000000e+00
   4.9797023e-01   8.0200300e-01   2.0000000e+00
   4.4414374e-01   7.3645468e-01   2.0000000e+00
   3.4060041e-01   5.0375563e-01   1.0000000e+00
   5.7840926e-01   5.1362043e-01   3.0000000e+00
   4.4394327e-01   4.8703055e-01   1.0000000e+00
   3.0852503e-01   3.6519780e-01   1.0000000e+00
   3.3433569e-01   4.6890336e-01   1.0000000e+00
   2.4728111e-01   1.1367051e-01   1.0000000e+00
   4.9456222e-01   6.1517276e-01   2.0000000e+00
   1.9545933e-03   8.7626440e-01   2.0000000e+00
   7.5011276e-01   8.3615423e-01   2.0000000e+00
   3.5333033e-01   2.9288933e-01   1.0000000e+00
   3.9011677e-01   6.7125689e-01   2.0000000e+00
   2.5048865e-01   2.2148222e-01   1.0000000e+00
   2.9048263e-01   7.1276915e-01   2.0000000e+00
   6.7914599e-01   1.9899850e-01   3.0000000e+00
   9.6712274e-01   6.8953430e-02   1.0000000e+00
   4.3983361e-01   2.6209314e-01   3.0000000e+00
   3.1529093e-01   3.0681022e-01   1.0000000e+00
   6.1880419e-01   3.5898848e-01   3.0000000e+00
   4.8238360e-01   5.8642964e-01   2.0000000e+00
   1.3812459e-01   7.6870305e-01   2.0000000e+00
   7.7251541e-01   6.4832248e-01   2.0000000e+00
   4.9145492e-01   7.6459690e-01   2.0000000e+00
   3.7508144e-01   5.5002504e-01   2.0000000e+00
   4.3166441e-01   2.4877316e-01   1.0000000e+00
   3.2045306e-01   9.0686029e-01   2.0000000e+00
   3.7097178e-01   6.2368553e-01   2.0000000e+00
   5.3986869e-01   4.5733600e-01   3.0000000e+00
   7.6900717e-01   1.5833751e-01   1.0000000e+00
   2.0337794e-01   4.6644967e-01   2.0000000e+00
   8.1666917e-01   9.9679519e-01   2.0000000e+00
   3.0887586e-01   6.2138207e-01   2.0000000e+00
   3.3784393e-01   7.9934902e-01   2.0000000e+00
   4.3552348e-02   6.1662494e-01   2.0000000e+00
   5.7951185e-01   5.5963946e-01   2.0000000e+00
   7.0716183e-02   6.8487732e-01   2.0000000e+00
   9.7659500e-01   7.5773660e-01   2.0000000e+00
   4.3096276e-01   4.5433150e-01   3.0000000e+00
   6.2005713e-01   2.9554331e-01   3.0000000e+00
   6.7483586e-01   2.5257887e-01   3.0000000e+00
   7.8434321e-02   9.5753630e-01   2.0000000e+00
   6.9743898e-01   3.3074612e-01   3.0000000e+00
   8.2378590e-01   9.7055583e-01   2.0000000e+00
   2.4758182e-01   2.8267401e-01   1.0000000e+00
   4.1422343e-01   3.8557837e-02   1.0000000e+00
   8.6142435e-01   2.9489234e-01   1.0000000e+00
   3.8390217e-02   6.8307461e-01   2.0000000e+00
   6.6120383e-01   5.6269404e-01   2.0000000e+00
   4.6519320e-01   2.5818728e-01   3.0000000e+00
   7.6680198e-01   9.9674512e-01   2.0000000e+00
   4.2209192e-01   2.9594392e-01   1.0000000e+00
   2.4698040e-01   7.8267401e-02   1.0000000e+00
   7.2735929e-01   3.3950926e-01   3.0000000e+00
   3.7307673e-01   9.2483726e-01   2.0000000e+00
   5.0017541e-01   1.3239860e-01   1.0000000e+00
   2.7695083e-01   7.8412619e-01   2.0000000e+00
   3.7152308e-01   1.9158738e-01   1.0000000e+00
   5.2077382e-01   4.7160741e-01   3.0000000e+00
   7.0786348e-01   8.6494742e-01   2.0000000e+00
   7.0024558e-01   4.7611417e-01   3.0000000e+00
   9.8301007e-01   3.0961442e-01   1.0000000e+00
   5.5279908e-01   8.2984477e-01   2.0000000e+00
   9.9488799e-01   9.2413620e-01   2.0000000e+00
   9.5023305e-02   8.8843265e-01   2.0000000e+00
   3.0506691e-01   5.0630946e-01   2.0000000e+00
   5.2423195e-01   4.1191788e-01   3.0000000e+00
   4.7426452e-01   5.7275914e-01   2.0000000e+00
   6.7643963e-01   9.9173761e-01   2.0000000e+00
   9.0572846e-01   3.2824236e-01   3.0000000e+00
   5.0513707e-01   9.8467702e-01   2.0000000e+00
   8.8548088e-01   7.0200300e-01   2.0000000e+00
   2.1590738e-01   5.4516775e-01   2.0000000e+00
   4.9160527e-01   2.8247371e-01   3.0000000e+00
   3.9362502e-01   1.4802203e-01   1.0000000e+00
   5.6527840e-01   4.7921883e-01   3.0000000e+00
   3.9883727e-01   8.6414622e-01   2.0000000e+00
   6.8069964e-01   3.9273911e-01   3.0000000e+00
   7.3683155e-01   3.8743115e-01   1.0000000e+00
   4.0530246e-01   1.1056585e-01   1.0000000e+00
   8.5079938e-01   3.7586380e-01   1.0000000e+00
   2.0072170e-01   1.2663996e-01   1.0000000e+00
   3.0812409e-01   7.7991988e-01   2.0000000e+00
   8.6783942e-01   6.0495744e-01   1.0000000e+00
   6.4301108e-01   3.3830746e-01   3.0000000e+00
   7.6519822e-01   2.3034552e-01   1.0000000e+00
   1.9175061e-01   9.9298948e-02   1.0000000e+00
   6.9914299e-01   4.5217827e-01   1.0000000e+00
   6.5323510e-01   3.0020030e-01   3.0000000e+00
   7.2570541e-01   2.7275914e-01   3.0000000e+00
   9.6551897e-01   1.5803706e-01   1.0000000e+00
   3.1303563e-01   5.1041562e-01   1.0000000e+00
   2.4041498e-01   3.3700551e-02   1.0000000e+00
   7.4314639e-01   2.7145719e-01   1.0000000e+00
   2.0277652e-01   8.4451678e-01   2.0000000e+00
   1.1918007e-01   8.5187782e-01   2.0000000e+00
   4.4825340e-01   9.1387081e-01   2.0000000e+00
   6.8851802e-01   4.1617426e-01   1.0000000e+00
   1.8924473e-01   1.2989484e-01   1.0000000e+00
   9.9779482e-01   4.2163245e-02   1.0000000e+00
   6.4491555e-01   1.4982474e-01   3.0000000e+00
   6.2421691e-01   3.0020030e-01   3.0000000e+00
   3.5799128e-01   6.1972959e-01   2.0000000e+00
   3.7863980e-01   3.2709064e-01   1.0000000e+00
   4.1878414e-01   9.1462193e-01   2.0000000e+00
   7.6254197e-01   2.0671007e-01   1.0000000e+00
   5.6603017e-01   2.9323986e-01   3.0000000e+00
   4.6845086e-01   3.9714572e-01   3.0000000e+00
   3.7658497e-01   3.0716074e-01   3.0000000e+00
   1.5937453e-01   4.0721082e-01   1.0000000e+00
   8.1245928e-01   3.8307461e-01   1.0000000e+00
   9.7479076e-01   6.1747621e-01   2.0000000e+00
   7.3322307e-01   8.7461192e-01   2.0000000e+00
   6.7779281e-01   6.9018528e-01   2.0000000e+00
   3.3839523e-01   7.2143215e-01   2.0000000e+00
   8.3922217e-01   6.7190786e-01   2.0000000e+00
   9.0848494e-01   1.4887331e-01   1.0000000e+00
   5.8622763e-01   2.2583876e-01   3.0000000e+00
   9.3389465e-01   9.3930896e-01   2.0000000e+00
   6.6801985e-01   4.2298448e-01   3.0000000e+00
   5.3230091e-01   4.6239359e-01   3.0000000e+00
   2.1716033e-01   4.7816725e-01   1.0000000e+00
   3.5177668e-01   2.9143716e-02   1.0000000e+00
   2.1620809e-01   6.2493741e-01   2.0000000e+00
   4.0284669e-01   1.1582374e-01   1.0000000e+00
   3.5047361e-01   5.9544316e-01   2.0000000e+00
   3.7708615e-01   3.2153230e-01   3.0000000e+00
   5.6322358e-01   4.2563846e-02   3.0000000e+00
   4.5251341e-01   3.8087131e-01   3.0000000e+00
   2.0733724e-01   4.5282924e-01   2.0000000e+00
   3.6235153e-01   4.7100651e-01   1.0000000e+00
   5.3250138e-01   1.3375063e-01   3.0000000e+00
   3.8094522e-01   3.3054582e-01   1.0000000e+00
   6.2501879e-01   1.4491738e-01   3.0000000e+00
   1.9405603e-01   1.2073110e-01   1.0000000e+00
   7.2570541e-01   5.3500250e-01   2.0000000e+00
   5.7229489e-01   9.2438658e-01   2.0000000e+00
   7.9957901e-01   3.0405608e-01   3.0000000e+00
   1.7019997e-01   8.0265398e-01   2.0000000e+00
   8.6508294e-01   3.8117176e-01   1.0000000e+00
   5.3540821e-01   8.8522784e-01   2.0000000e+00
   8.8197264e-01   9.0380571e-01   2.0000000e+00
   1.0309227e-01   4.8232349e-01   1.0000000e+00
   1.1311582e-01   4.6049074e-01   2.0000000e+00
   7.5256854e-01   7.8728092e-01   2.0000000e+00
   6.1409312e-01   5.4762143e-01   1.0000000e+00
   4.8438831e-01   4.4336505e-01   1.0000000e+00
   6.9633639e-01   3.2699049e-01   3.0000000e+00
   3.5042350e-01   2.8602904e-01   1.0000000e+00
   2.0884078e-01   5.6229344e-01   2.0000000e+00
   8.8147146e-01   5.6785178e-02   1.0000000e+00
   9.2632687e-01   6.9739609e-01   2.0000000e+00
   4.3707713e-01   4.2218327e-01   3.0000000e+00
   6.2897810e-01   3.1562344e-01   3.0000000e+00
   8.5751516e-01   6.8662994e-01   2.0000000e+00
   7.4525134e-02   1.1331998e-01   1.0000000e+00
   9.6712274e-01   9.9784677e-01   2.0000000e+00
   4.7902571e-01   3.5848773e-01   3.0000000e+00
   4.5612189e-01   3.1877817e-01   3.0000000e+00
   4.8072971e-01   6.4651978e-01   2.0000000e+00
   3.5257856e-01   8.4426640e-01   2.0000000e+00
   7.1237408e-01   6.3324987e-01   2.0000000e+00
   3.3323310e-01   6.6204306e-01   2.0000000e+00
   4.1352178e-01   4.4827241e-01   3.0000000e+00
   6.4531649e-01   3.1662494e-01   3.0000000e+00
   4.9486293e-01   3.6970456e-01   3.0000000e+00
   9.4622363e-01   8.9344016e-01   2.0000000e+00
   2.9348970e-01   4.5698548e-01   1.0000000e+00
   2.5289430e-01   3.4016024e-01   1.0000000e+00
   5.1726557e-01   5.8898348e-01   2.0000000e+00
   8.2969979e-01   9.3900851e-01   2.0000000e+00
   7.6695234e-01   3.5378067e-01   3.0000000e+00
   8.4418383e-01   6.0555834e-01   2.0000000e+00
   9.3900667e-01   4.4326490e-01   1.0000000e+00
   7.9807548e-01   5.8753130e-01   2.0000000e+00
   3.8510500e-01   4.0726089e-01   3.0000000e+00
   8.0769809e-01   2.6424637e-01   1.0000000e+00
   3.0697138e-01   5.7185779e-02   1.0000000e+00
   7.0866536e-01   9.7135704e-01   2.0000000e+00
   5.4327670e-02   3.5903856e-02   1.0000000e+00
   3.9357490e-01   4.7901853e-01   2.0000000e+00
   7.7441989e-01   7.6054081e-01   2.0000000e+00
   5.9239212e-01   8.1472208e-01   2.0000000e+00
   1.8824237e-01   6.3395093e-01   2.0000000e+00
   6.2171102e-01   3.9273911e-01   3.0000000e+00
   1.2183632e-01   4.2203305e-01   2.0000000e+00
   3.3263168e-01   2.9228843e-01   1.0000000e+00
   4.7697088e-01   4.5388082e-01   1.0000000e+00
   6.1925525e-01   4.1432148e-01   3.0000000e+00
   3.1664411e-01   6.9328993e-01   2.0000000e+00
   4.4464492e-01   2.4867301e-01   1.0000000e+00
   7.2821130e-01   2.9283926e-01   3.0000000e+00
   1.9170050e-01   7.9684527e-01   2.0000000e+00
   8.6082293e-01   5.5868803e-01   1.0000000e+00
   5.2924372e-01   1.2188282e-01   1.0000000e+00
   3.4571242e-01   4.7295944e-01   2.0000000e+00
   7.6780434e-02   7.5893841e-01   2.0000000e+00
   6.8485942e-01   8.4516775e-01   2.0000000e+00
   2.1269984e-01   2.9704557e-01   1.0000000e+00
   6.9758933e-01   2.3034552e-01   1.0000000e+00
   4.9285822e-01   1.3465198e-01   3.0000000e+00
   4.3276700e-01   1.3104657e-01   3.0000000e+00
   7.8003308e-01   9.2689034e-01   2.0000000e+00
   6.5353581e-01   3.2303455e-01   3.0000000e+00
   7.7000952e-01   5.5147722e-01   1.0000000e+00
   3.3608981e-01   3.1797697e-01   1.0000000e+00
   6.1284017e-01   1.1316975e-02   1.0000000e+00
   8.9981456e-01   5.8963445e-01   2.0000000e+00
   4.6980404e-01   8.2759139e-01   2.0000000e+00
   9.4722598e-02   3.9414121e-01   1.0000000e+00
   9.8250890e-01   8.0160240e-01   2.0000000e+00
   4.2580063e-01   4.8557837e-01   1.0000000e+00
   8.1812259e-01   9.5398097e-01   2.0000000e+00
   7.4174310e-02   1.0050075e-01   1.0000000e+00
   7.5377136e-02   4.6579870e-01   1.0000000e+00
   5.9645166e-01   3.3014522e-01   3.0000000e+00
   1.7375833e-01   2.0530796e-02   1.0000000e+00
   7.4790758e-01   8.8482724e-01   2.0000000e+00
   1.8729013e-01   9.7501252e-01   2.0000000e+00
   1.9545933e-01   7.4226340e-01   2.0000000e+00
   7.5793114e-01   3.2073110e-01   3.0000000e+00
   2.7364306e-02   4.2048072e-01   2.0000000e+00
   6.4722097e-01   8.1977967e-01   2.0000000e+00
   8.5475868e-01   3.7651477e-01   3.0000000e+00
   8.2143036e-02   7.8417626e-02   1.0000000e+00
   2.7033529e-01   4.3950926e-01   1.0000000e+00
   6.4616850e-01   5.0305458e-01   1.0000000e+00
   7.6384504e-01   9.9364046e-01   2.0000000e+00
   2.4913547e-01   2.7976965e-01   1.0000000e+00
   4.2575051e-01   1.2859289e-01   1.0000000e+00
   9.5113517e-01   7.5563345e-01   2.0000000e+00
   4.9315892e-01   6.4887331e-01   2.0000000e+00
   4.5837719e-01   3.1937907e-01   3.0000000e+00
   5.7329725e-01   3.2804206e-01   3.0000000e+00
   3.5743998e-01   3.7090636e-01   3.0000000e+00
   3.3839523e-01   4.9203806e-01   1.0000000e+00
   3.8756077e-01   5.5708563e-01   2.0000000e+00
   1.2439232e-01   1.5197797e-01   1.0000000e+00
   4.8158172e-01   1.3319980e-01   1.0000000e+00
   9.1921014e-01   2.3014522e-01   1.0000000e+00
   5.3410515e-01   1.1181773e-01   3.0000000e+00
   9.4817822e-01   6.4596895e-01   2.0000000e+00
   1.3842530e-01   4.6369554e-01   2.0000000e+00
   1.0549792e-01   3.6705058e-02   1.0000000e+00
   3.7593344e-01   4.0550826e-01   3.0000000e+00
   4.8408761e-01   6.8683025e-01   2.0000000e+00
   8.7996792e-01   5.8002003e-01   1.0000000e+00
   5.6131910e-03   8.4006009e-01   2.0000000e+00
   5.0117777e-03   3.7025538e-01   1.0000000e+00
   7.9306370e-01   7.5808713e-01   2.0000000e+00
   6.3769859e-01   1.1782674e-01   1.0000000e+00
   6.6100336e-01   8.2058087e-01   2.0000000e+00
   5.8838270e-02   2.5623435e-01   1.0000000e+00
   9.5674836e-02   9.6329494e-01   2.0000000e+00
   2.5986067e-01   5.5493240e-01   2.0000000e+00
   9.7945171e-01   1.1687531e-01   1.0000000e+00
   4.9290833e-01   5.5348022e-01   3.0000000e+00
   3.6164988e-01   4.8192288e-01   2.0000000e+00
   6.3083246e-01   3.5383075e-01   3.0000000e+00
   6.3398988e-02   7.7701552e-01   2.0000000e+00
   4.7687065e-01   2.2648973e-01   3.0000000e+00
   3.6315341e-01   9.8693040e-01   2.0000000e+00
   3.5738987e-01   1.3455183e-01   1.0000000e+00
   4.5306470e-01   1.9634452e-01   3.0000000e+00
   4.1808249e-01   2.4191287e-01   3.0000000e+00
   6.0366862e-01   6.6094141e-01   2.0000000e+00
   5.7159324e-01   3.8257386e-01   3.0000000e+00
   6.6335889e-01   7.0856284e-01   2.0000000e+00
   3.8620759e-01   2.3885829e-02   3.0000000e+00
   6.3664612e-01   2.1261893e-01   3.0000000e+00
   1.5721947e-01   8.0886329e-01   2.0000000e+00
   5.8482434e-01   3.9103655e-01   3.0000000e+00
   1.6338395e-02   4.6349524e-01   2.0000000e+00
   8.4999749e-02   1.4917376e-01   1.0000000e+00
   9.0176916e-01   4.7996995e-01   1.0000000e+00
   3.8881371e-01   3.3510265e-01   1.0000000e+00
   8.7310179e-01   9.4857286e-01   2.0000000e+00
   9.7935148e-01   7.6059089e-01   2.0000000e+00
   2.8356638e-01   8.7881823e-01   2.0000000e+00
   5.2202676e-01   3.2298448e-01   3.0000000e+00
   6.8766602e-01   3.2799199e-02   1.0000000e+00
   3.9041748e-02   2.4256385e-01   1.0000000e+00
   6.4125695e-01   8.6019029e-01   2.0000000e+00
   7.4820829e-01   6.0385578e-01   2.0000000e+00
   9.7148299e-01   2.1797697e-01   1.0000000e+00
   9.6125896e-01   7.4471708e-01   2.0000000e+00
   4.0024057e-01   6.2163245e-01   2.0000000e+00
   6.6596502e-01   5.8527792e-01   1.0000000e+00
   7.2194657e-01   4.3900851e-01   3.0000000e+00
   6.5604170e-01   2.0145218e-01   1.0000000e+00
   2.0818924e-01   1.6024036e-01   1.0000000e+00
   2.9288829e-01   3.5618428e-01   1.0000000e+00
   6.3654588e-01   3.2083125e-01   3.0000000e+00
   9.5178670e-01   3.3570356e-01   1.0000000e+00
   1.5536511e-02   2.7115674e-01   1.0000000e+00
   3.4541172e-01   9.2323485e-01   2.0000000e+00
   7.1056984e-01   4.6364547e-01   1.0000000e+00
   2.1445397e-01   6.1947922e-01   2.0000000e+00
   4.6855110e-01   2.4626940e-01   3.0000000e+00
   4.6779933e-01   5.1296945e-01   2.0000000e+00
   5.9524883e-01   4.3805709e-01   3.0000000e+00
   7.2104445e-01   5.7586380e-03   1.0000000e+00
   7.0164887e-01   2.0075113e-01   3.0000000e+00
   3.0546785e-01   7.4982474e-01   2.0000000e+00
   2.5404701e-01   2.2633951e-01   1.0000000e+00
   5.7520172e-01   7.7991988e-01   2.0000000e+00
   6.2075878e-01   3.7060591e-01   3.0000000e+00
   3.4771714e-01   9.3430145e-01   2.0000000e+00
   7.4409863e-01   8.8843265e-01   2.0000000e+00
   6.4712073e-01   6.6940411e-01   2.0000000e+00
   1.9240215e-01   7.6164246e-01   2.0000000e+00
   7.6494763e-01   9.6329494e-01   2.0000000e+00
   3.4090112e-01   3.7190786e-01   3.0000000e+00
   6.4356237e-01   2.7491237e-02   1.0000000e+00
   6.3794918e-01   2.1587381e-01   3.0000000e+00
   4.8739538e-01   2.0756134e-01   3.0000000e+00
   1.3446600e-01   9.2138207e-03   1.0000000e+00
   6.2256302e-01   5.5578368e-01   1.0000000e+00
   3.5252844e-01   9.0906360e-01   2.0000000e+00
   5.4543176e-01   8.2048072e-01   2.0000000e+00
   6.3063199e-01   8.0180270e-01   2.0000000e+00
   7.0500677e-01   1.2098147e-01   1.0000000e+00
   5.4127199e-02   6.2243365e-02   1.0000000e+00
   2.9053275e-01   8.7671507e-01   2.0000000e+00
   5.0052624e-01   6.5878818e-01   2.0000000e+00
   9.7108204e-01   3.7165749e-01   1.0000000e+00
   9.8461384e-01   7.6765148e-02   1.0000000e+00
   6.8751566e-01   4.4311467e-01   1.0000000e+00
   9.4757681e-01   1.3785679e-01   1.0000000e+00
   8.7826392e-01   6.2428643e-01   2.0000000e+00
   6.5438781e-01   3.5307962e-01   3.0000000e+00
   8.0990327e-01   5.7220831e-01   1.0000000e+00
   6.0727710e-01   3.2343515e-01   3.0000000e+00
   6.3228587e-01   3.8642964e-01   3.0000000e+00
   2.7364306e-02   9.7651477e-01   2.0000000e+00
   5.2122488e-01   5.7040561e-01   2.0000000e+00
   8.7615897e-01   6.2759139e-01   2.0000000e+00
   5.5009272e-01   5.2213320e-01   3.0000000e+00
   4.4008420e-01   6.0390586e-02   1.0000000e+00
   2.1931539e-01   3.2408613e-01   1.0000000e+00
   6.9052273e-01   4.0225338e-01   3.0000000e+00
   4.8864832e-02   7.1897847e-01   2.0000000e+00
   6.6180524e-01   5.2608913e-01   1.0000000e+00
   4.9476269e-01   2.3014522e-01   3.0000000e+00
   7.4124192e-02   6.1792689e-02   1.0000000e+00
   6.5604170e-01   5.5938908e-01   1.0000000e+00
   4.2655240e-01   3.0455684e-01   3.0000000e+00
   9.0041598e-01   4.4962444e-01   1.0000000e+00
   4.0695635e-02   7.5332999e-01   2.0000000e+00
   6.3078234e-01   5.3630446e-01   3.0000000e+00
   5.3746304e-01   3.4907361e-01   3.0000000e+00
   5.7630432e-01   7.5022534e-01   2.0000000e+00
   1.4689520e-01   5.8047071e-01   2.0000000e+00
   2.1209843e-01   2.4296445e-01   1.0000000e+00
   5.5425249e-01   1.9809715e-01   3.0000000e+00
   9.0342304e-01   1.5833751e-01   3.0000000e+00
   5.1516063e-01   1.0420631e-01   1.0000000e+00
   8.9014183e-01   4.8868302e-01   1.0000000e+00
   1.8814213e-01   3.7651477e-01   1.0000000e+00
   6.2396632e-01   5.1412118e-01   1.0000000e+00
   8.3591440e-01   2.6159239e-01   1.0000000e+00
   6.6165489e-01   6.2694041e-02   1.0000000e+00
   4.9646670e-01   7.7941913e-01   2.0000000e+00
   2.6487245e-01   5.1176765e-01   1.0000000e+00
   1.5897359e-01   4.2598898e-01   1.0000000e+00
   9.8015336e-01   6.1191788e-02   1.0000000e+00
   3.7092167e-01   9.4296445e-01   2.0000000e+00
   1.6969879e-01   2.9544316e-02   1.0000000e+00
   4.3988373e-01   2.9429144e-01   3.0000000e+00
   8.9044254e-01   5.1427141e-01   1.0000000e+00
   1.5802135e-01   7.3785679e-01   2.0000000e+00
   1.6433619e-01   7.3875814e-01   2.0000000e+00
   6.4827344e-01   3.4822233e-01   3.0000000e+00
   6.9553451e-01   6.7000501e-01   2.0000000e+00
   1.6288277e-01   4.4887331e-01   2.0000000e+00
   4.7762241e-02   7.7876815e-01   2.0000000e+00
   5.4162281e-01   1.9113671e-01   1.0000000e+00
   6.7463539e-01   2.3294942e-01   3.0000000e+00
   7.3512755e-01   9.8943415e-01   2.0000000e+00
   1.2975492e-01   5.8092138e-01   2.0000000e+00
   2.6712775e-02   2.9263896e-01   1.0000000e+00
   6.3544329e-01   3.5688533e-01   3.0000000e+00
   6.0717687e-01   5.4702053e-01   2.0000000e+00
   3.7498121e-01   4.3770656e-01   3.0000000e+00
   2.8632286e-01   2.2058087e-01   1.0000000e+00
   5.4267529e-01   1.3555333e-01   3.0000000e+00
   5.5289931e-01   2.3965949e-01   3.0000000e+00
   2.3099283e-01   6.4196294e-01   2.0000000e+00
   9.7143287e-01   4.0515774e-01   1.0000000e+00
   7.1117125e-01   2.7561342e-01   3.0000000e+00
   4.6910239e-01   6.5137707e-01   2.0000000e+00
   2.7168847e-01   2.1281923e-01   1.0000000e+00
   5.5495414e-01   7.4061092e-02   1.0000000e+00
   5.5916404e-01   9.4857286e-01   2.0000000e+00
   5.0804390e-01   1.1742614e-01   1.0000000e+00
   5.9549942e-01   5.0916375e-01   2.0000000e+00
   7.2831153e-01   7.3830746e-01   2.0000000e+00
   2.6562422e-03   1.2438658e-01   1.0000000e+00
   9.4276550e-01   1.9404106e-01   1.0000000e+00
   9.9644164e-01   5.7841763e-01   1.0000000e+00
   9.6927780e-02   8.7781673e-02   1.0000000e+00
   6.9267779e-01   4.1742614e-01   3.0000000e+00
   4.8408761e-01   5.5092639e-01   1.0000000e+00
   5.9735378e-01   1.1036555e-01   1.0000000e+00
   3.2240766e-01   1.0000000e+00   2.0000000e+00
   6.3103293e-01   5.6690035e-01   1.0000000e+00
   1.6057736e-01   9.0936405e-01   2.0000000e+00
   8.6162482e-01   3.3144717e-01   1.0000000e+00
   7.6549892e-01   4.1782674e-01   1.0000000e+00
   9.9032727e-01   1.3950926e-01   1.0000000e+00
   5.3094773e-01   1.3750626e-01   3.0000000e+00
   6.5113016e-01   5.4181272e-01   1.0000000e+00
   7.0906631e-01   2.3254882e-01   1.0000000e+00
   8.2538967e-01   3.9544316e-01   3.0000000e+00
   8.4052523e-01   3.7426139e-01   1.0000000e+00
   6.4591791e-01   1.9634452e-01   3.0000000e+00
   2.0798877e-02   9.2914372e-01   2.0000000e+00
   2.4582770e-01   9.7240861e-01   2.0000000e+00
   2.5409713e-01   2.5317977e-01   1.0000000e+00
   2.1991680e-01   8.2018027e-01   2.0000000e+00
   9.7133263e-01   5.9389084e-01   1.0000000e+00
   9.2331980e-01   7.8187281e-01   2.0000000e+00
   6.4516614e-01   3.2373560e-01   3.0000000e+00
   7.5662808e-01   5.0620931e-01   3.0000000e+00
   4.9310881e-01   9.0816224e-01   2.0000000e+00
   1.6498772e-01   4.2819229e-01   1.0000000e+00
   1.4950133e-01   5.5167752e-01   2.0000000e+00
   3.5904375e-01   5.2819229e-01   1.0000000e+00
   9.2066356e-02   4.3099649e-01   2.0000000e+00
   6.0041097e-01   4.1562344e-01   3.0000000e+00
   6.6180524e-01   2.9744617e-02   1.0000000e+00
   4.8488949e-01   7.3975964e-01   2.0000000e+00
   3.2817120e-01   3.4561843e-01   3.0000000e+00
   7.5662808e-01   2.7381072e-01   1.0000000e+00
   7.2319952e-02   2.2919379e-01   1.0000000e+00
   9.6677191e-02   8.7716575e-01   2.0000000e+00
   3.5333033e-02   2.0761142e-01   1.0000000e+00
   1.5426252e-01   5.7856785e-01   2.0000000e+00
   6.5584123e-01   9.6695043e-02   3.0000000e+00
   3.9257255e-01   5.0971457e-01   3.0000000e+00
   6.3955295e-01   2.9599399e-01   3.0000000e+00
   7.4875959e-01   3.4601903e-01   1.0000000e+00
   9.9458728e-01   9.7135704e-01   2.0000000e+00
   1.1121135e-01   2.8002003e-01   1.0000000e+00
   5.3555856e-01   5.5317977e-01   1.0000000e+00
   2.9805042e-01   4.5287932e-01   2.0000000e+00
   2.8266426e-02   2.0881322e-02   1.0000000e+00
   2.1345161e-01   5.1066600e-01   2.0000000e+00
   6.5789606e-01   9.1507261e-01   2.0000000e+00
   2.8491956e-01   2.2488733e-01   1.0000000e+00
   5.6041698e-01   5.2699049e-01   1.0000000e+00
   7.3868591e-01   2.5012519e-01   1.0000000e+00
   2.4883476e-01   6.2278418e-01   2.0000000e+00
   5.8286974e-01   3.1947922e-01   3.0000000e+00
   7.5587631e-01   4.4947421e-01   3.0000000e+00
   3.9948880e-01   2.4061092e-01   3.0000000e+00
   3.2892297e-01   5.8102153e-01   2.0000000e+00
   5.4748659e-01   8.1577366e-01   2.0000000e+00
   5.5189696e-01   3.3480220e-01   3.0000000e+00
   2.0894101e-01   2.4211317e-01   1.0000000e+00
   3.9963915e-01   2.6690035e-01   1.0000000e+00
   9.3780384e-01   1.9639459e-01   1.0000000e+00
   7.5472360e-01   4.1026540e-01   1.0000000e+00
   3.7468050e-01   9.9649474e-02   1.0000000e+00
   1.8508495e-01   4.1562344e-02   1.0000000e+00
   1.9390568e-01   9.2338508e-01   2.0000000e+00
   7.3171954e-03   6.6339509e-01   2.0000000e+00
   3.8009322e-01   4.5503255e-01   1.0000000e+00
   3.9402596e-01   2.6730095e-01   3.0000000e+00
   3.6696236e-01   9.7095643e-01   2.0000000e+00
   5.9625119e-01   3.0475714e-01   3.0000000e+00
   3.9182078e-01   3.7506259e-02   1.0000000e+00
   4.7441487e-01   2.2628943e-01   3.0000000e+00
   3.7823886e-01   8.6374562e-01   2.0000000e+00
   6.5133063e-01   2.9143716e-01   3.0000000e+00
   5.8823235e-01   2.4291437e-01   3.0000000e+00
   2.3455120e-01   6.3845769e-02   1.0000000e+00
   5.9053776e-01   2.2488733e-01   3.0000000e+00
   3.6881672e-01   9.5458187e-01   2.0000000e+00
   3.5057385e-01   3.7230846e-01   1.0000000e+00
   6.5694382e-01   4.8297446e-01   1.0000000e+00
   5.9118929e-01   6.0070105e-01   3.0000000e+00
   9.8982609e-02   4.8002003e-01   2.0000000e+00
   4.8057936e-01   4.9894842e-01   3.0000000e+00
   7.8940510e-01   4.8107161e-01   1.0000000e+00
   2.9669724e-01   5.5808713e-01   2.0000000e+00
   9.0071668e-01   9.7075613e-01   2.0000000e+00
   7.9201123e-01   3.3314972e-01   1.0000000e+00
   5.4447953e-01   4.9979970e-01   1.0000000e+00
   8.5841728e-01   8.2208312e-01   2.0000000e+00
   2.8045908e-01   6.4967451e-01   2.0000000e+00
   6.6806996e-01   5.8142213e-01   1.0000000e+00
   3.0872550e-01   9.3099649e-01   2.0000000e+00
   9.0878565e-01   2.5763645e-01   3.0000000e+00
   9.7163334e-01   3.5573360e-01   1.0000000e+00
   4.1201824e-01   5.7150726e-01   2.0000000e+00
   5.5480379e-02   8.4281422e-01   2.0000000e+00
   1.8538566e-01   6.0801202e-01   2.0000000e+00
   1.1682454e-01   7.7846770e-01   2.0000000e+00
   5.7550243e-01   6.0941412e-01   2.0000000e+00
   1.1311582e-01   2.4942414e-01   1.0000000e+00
   1.6934797e-01   5.8257386e-01   2.0000000e+00
   9.4366762e-01   8.3154732e-01   2.0000000e+00
   6.6506290e-02   7.1407111e-01   2.0000000e+00
   6.0306721e-01   8.0170255e-02   3.0000000e+00
   6.3449105e-01   3.3790686e-01   3.0000000e+00
   7.7832907e-02   3.8617927e-01   1.0000000e+00
   2.1786198e-01   4.7035553e-01   1.0000000e+00
   5.3671127e-01   5.9524286e-01   2.0000000e+00
   8.7415426e-01   4.9233851e-01   1.0000000e+00
   8.0423996e-01   6.5633450e-01   2.0000000e+00
   9.8576655e-01   4.7481222e-01   1.0000000e+00
   6.3148399e-01   2.4927391e-01   3.0000000e+00
   4.6173508e-01   5.8988483e-01   2.0000000e+00
   1.6348419e-01   7.1697546e-01   2.0000000e+00
   6.1850348e-01   8.6604907e-01   2.0000000e+00
   2.8456874e-01   2.2954432e-01   3.0000000e+00
   6.3168446e-01   5.7290936e-01   1.0000000e+00
   3.9537914e-01   4.6775163e-01   3.0000000e+00
   2.1510550e-01   9.4191287e-02   1.0000000e+00
   2.9529394e-01   3.8858287e-02   1.0000000e+00
   7.5076430e-02   5.7636455e-02   1.0000000e+00
   6.6922267e-01   4.4051077e-01   1.0000000e+00
   5.1205333e-01   4.0655984e-01   3.0000000e+00
   7.7652483e-01   3.6299449e-01   1.0000000e+00
   2.2472811e-01   7.3520280e-01   2.0000000e+00
   5.4828848e-01   2.5613420e-01   3.0000000e+00
   4.2379592e-01   3.7180771e-01   1.0000000e+00
   2.4221922e-01   5.1617426e-01   2.0000000e+00
   4.0770811e-01   3.4171257e-01   1.0000000e+00
   5.1541122e-01   6.4286430e-01   2.0000000e+00
   8.1737082e-01   1.9554331e-01   1.0000000e+00
   2.0463088e-01   6.3960941e-01   2.0000000e+00
   7.2324964e-01   2.8357536e-01   1.0000000e+00
   1.7922117e-01   9.1897847e-01   2.0000000e+00
   7.8098532e-01   6.5653480e-01   2.0000000e+00
   4.8614243e-02   7.3555333e-01   2.0000000e+00
   3.6240164e-01   5.4646970e-01   2.0000000e+00
   8.6999449e-01   8.6730095e-01   2.0000000e+00
   5.4863930e-01   5.7055583e-01   1.0000000e+00
   5.7475066e-01   3.3935904e-01   3.0000000e+00
   9.1339648e-01   3.7746620e-01   1.0000000e+00
   3.0005513e-01   7.1622434e-01   2.0000000e+00
   1.4579261e-01   7.8683025e-01   2.0000000e+00
   6.3644565e-01   7.7896845e-01   2.0000000e+00
